0 0 TIDL_cast_in 
1 1 TIDL_cast_in_netFormat 
2 2 511 
3 3 516 
4 4 998 
5 5 523 
6 6 552 
7 7 1007 
8 8 559 
9 9 564 
10 10 1016 
11 11 567 
12 12 572 
13 13 577 
14 14 1025 
15 15 580 
16 16 908 
17 17 957 
18 18 959 
19 19 960 
20 20 961 
21 21 585 
22 22 614 
23 23 1034 
24 24 621 
25 25 626 
26 26 1043 
27 27 629 
28 28 634 
29 29 639 
30 30 1052 
31 31 642 
32 32 909 
33 33 940 
34 34 942 
35 35 943 
36 36 944 
37 37 647 
38 38 676 
39 39 1061 
40 40 683 
41 41 688 
42 42 1070 
43 43 691 
44 44 696 
45 45 701 
46 46 1079 
47 47 704 
48 48 709 
49 49 714 
50 50 1088 
51 51 717 
52 52 722 
53 53 727 
54 54 1097 
55 55 730 
56 56 735 
57 57 740 
58 58 1106 
59 59 747 
60 60 752 
61 61 1115 
62 62 755 
63 63 760 
64 64 765 
65 65 1124 
66 66 768 
67 67 773 
68 68 778 
69 69 1133 
70 70 781 
71 71 786 
72 72 791 
73 73 1142 
74 74 794 
75 75 910 
76 76 923 
77 77 925 
78 78 926 
79 79 927 
80 80 799 
81 81 828 
82 82 1151 
83 83 835 
84 84 840 
85 85 1160 
86 86 843 
87 87 848 
88 88 853 
89 89 1169 
90 90 856 
91 91 861 
92 92 866 
93 93 1178 
94 94 869 
95 95 874 
96 96 879 
97 97 1187 
98 98 882 
99 99 887 
100 100 892 
101 101 1196 
102 102 895 
103 103 900 
104 104 905 
105 105 1205 
106 106 911 
107 107 912 
108 108 914 
109 109 915 
110 110 916 
111 111 921 
112 112 922 
113 113 928 
114 114 929 
115 115 931 
116 116 932 
117 117 933 
118 118 938 
119 119 939 
120 120 945 
121 121 946 
122 122 948 
123 123 949 
124 124 950 
125 125 955 
126 126 956 
127 127 962 
128 128 963 
129 129 965 
130 130 966 
131 131 967 
132 132 972 
133 133 973 
134 134 974 
135 135 979 
136 136 981 
137 137 983_netFormat 
138 138 983 
139 0 TIDL_cast_in 
