0 0 input.1 
1 1 233 
2 2 238 
3 3 243 
4 4 248 
5 5 253 
6 6 258 
7 7 263 
8 8 268 
9 9 273 
10 10 278 
11 11 283 
12 12 288 
13 13 293 
14 14 298 
15 15 303 
16 16 308 
17 17 313 
18 18 318 
19 19 323 
20 20 328 
21 21 333 
22 22 338 
23 23 343 
24 24 348 
25 25 353 
26 26 358 
27 27 363 
28 28 366 
29 29 369 
30 30 374 
31 31 377 
32 32 380 
33 33 385 
34 34 386 
35 35 389 
36 36 392 
37 37 397 
38 38 398 
39 39 401 
40 40 404 
41 41 409 
42 42 410 
43 43 413 
44 44 416 
45 45 421 
46 46 424 
47 0 input.1 
